51.6335309874443 26.641784643383794 29.297389838892556
50.724987169738384 26.019205958727404 25.367424891108616
50.28332846331621 25.704409199173078 22.046426115144413
49.841463064563 25.387857428435815 18.54051890442052
49.27804969342556 24.94623400633727 14.512630147065607
48.79340033401046 24.640641398469135 11.644401651576937
47.25909726426515 23.66561357551806 4.723775258691838
46.647739751300506 23.38592132942727 1.3066005420394884
46.28467117870623 22.43196225643944 -2.799064272634659
46.194115502861465 20.25576024923165 -5.339464090881373
45.08267036773985 16.699256694873604 -7.571438825118797
43.94974509343932 12.595749234650825 -9.62972918514689
42.941002694716715 9.346964812002838 -11.014425500523483
41.93733724487252 5.9073565522677205 -12.568604116258836
41.087387328856764 2.2323035359200314 -14.10399342440007
39.37445375329763 -1.5417448966684766 -15.731250314895998
36.678043292982736 -5.087836753045395 -17.32252474714762
34.44408355337295 -7.932034994003865 -19.079635024292745
32.63848268975613 -10.252063527607348 -20.39255506585539
30.797552065084375 -12.584309218987428 -21.878244318765514
28.67334952878751 -15.171509129185289 -23.364912058444894
26.21945239457584 -18.17306858864427 -24.83934771348705
24.28410423837053 -21.11642010030309 -25.684430285404442
21.945073530136725 -23.989511851118465 -26.789726697966803
18.99651700959788 -26.59282841861132 -27.385017813707567
15.744619769341002 -28.879833669294243 -27.794053992270136
12.14535573961284 -30.639156433011664 -28.306593155588367
7.941528069487655 -32.318915186328454 -28.195811804181538
60.45893780803537 27.917281391480785 40.813236070236975
47.98665669865893 26.88628284587142 -9.928278853317094
24.850086874651154 -18.49305980657421 -31.557398144803347
-9.193733842662358 -31.630124187404434 -34.38375161610824
-51.60848466847007 21.052876405525552 -2.753926072178961
-63.09775758857732 23.877345731048464 44.15949443556359
