22.5443423448195 -29.024147205513742 -22.4257365264097
16.954974849839214 -33.31738779151436 -23.482389020623078
10.8476961509411 -36.31599266218478 -24.43387839550158
5.388229605547164 -38.968431778044675 -24.4831422556411
-0.37767871332535474 -39.5105843912811 -24.40318429749386
-7.591891894456 -36.54366545992133 -23.940069787515142
-15.829546429374805 -32.80075684742238 -23.810950163074523
-20.895474808566323 -28.744901730966234 -23.461280099145892
-26.38489210822033 -23.615200615663724 -22.164276902561184
-31.357231912714187 -19.002874172081547 -19.299946384611363
-35.79507373690478 -13.612178965558487 -17.173847380423048
-39.93318284237225 -8.640262353362703 -13.934268979238784
-42.403668584777876 -4.844967133721242 -11.507448278958332
-44.39897941654016 1.0696726731307524 -9.132302616815725
-46.753711006193214 6.310873368646738 -6.131415589030289
-48.79712452456772 12.329502026024114 -3.9374853042770885
-51.287487538876576 18.772005122776406 0.28559076996061683
-51.69364693370315 22.195097900257906 7.197131322738099
-51.29231202027623 23.380533530880953 17.779106665679755
-51.30717734444937 25.33689542303175 24.82035030629921
-52.85630234583459 28.375315666742026 31.922676714302874
-55.22868872402236 29.64028725333884 39.20759664235844
-60.12784643496752 29.36305545063837 46.819184108272005
-58.770625185698435 32.44572786596504 42.17575422991389
-54.10706175098983 26.580639731823823 -2.1745886679410216
-11.125116325583082 -35.72863605605568 -34.30970623656928
17.394599383731926 -33.8863090149388 -32.61905417639244
53.75787231595851 26.680781584947198 -7.9007551908524
58.31028345626194 33.79146290856747 46.487175028108325
